Start

STOP BUTTON
Decimal: 1272292948 (32Bit) Binary: 01001011110101011010011001010100 Tri-State: not applicable PulseLength: 261 microseconds Protocol: 1
Raw data: 8114,224,744,705,267,217,749,226,748,701,271,224,743,705,266,708,276,704,268,707,264,223,751,703,269,221,746,702,272,220,745,706,277,696,273,223,746,700,274,221,750,219,753,698,269,702,270,222,759,222,751,695,274,218,750,704,271,220,748,701,271,221,755,215,750,

Decimal: 1272292967 (32Bit) Binary: 01001011110101011010011001100111 Tri-State: not applicable PulseLength: 261 microseconds Protocol: 1
Raw data: 8115,224,748,704,266,227,746,222,748,707,265,222,748,704,266,706,276,704,267,702,269,222,749,697,275,222,262,227,747,698,270,223,749,698,283,695,276,702,269,222,750,220,751,701,266,701,278,214,760,222,749,701,271,695,275,217,753,219,751,700,268,701,271,696,274,

Decimal: 1272292982 (32Bit) Binary: 01001011110101011010011001110110 Tri-State: not applicable PulseLength: 261 microseconds Protocol: 1
Raw data: 8112,225,741,706,271,220,755,222,745,703,267,227,747,703,267,702,276,705,266,698,274,220,751,699,272,223,748,698,272,222,749,699,274,704,269,218,753,700,274,219,749,225,750,700,267,702,276,214,764,216,747,702,272,697,273,700,272,223,744,700,274,702,267,223,749,

Decimal: 1272292865 (32Bit) Binary: 01001011110101011010011000000001 Tri-State: not applicable PulseLength: 261 microseconds Protocol: 1
Raw data: 8116,225,746,704,266,226,747,226,745,710,262,224,745,706,266,707,275,703,268,703,270,224,751,703,262,224,749,702,266,224,747,704,275,703,266,222,750,704,268,222,748,222,751,704,265,706,263,224,759,219,748,222,751,224,747,221,751,223,748,226,748,219,176,315,87,

Decimal: 1272292880 (32Bit) Binary: 01001011110101011010011000010000 Tri-State: not applicable PulseLength: 261 microseconds Protocol: 1
Raw data: 8107,226,746,705,271,226,743,225,746,705,266,224,746,706,265,705,271,703,268,700,272,218,752,701,269,222,749,701,270,223,751,700,276,703,268,223,746,703,272,218,753,219,750,699,271,707,264,223,757,219,754,218,754,217,751,700,271,221,751,219,755,5,381,140,216,

Decimal: 1272292899 (32Bit) Binary: 01001011110101011010011000100011 Tri-State: not applicable PulseLength: 261 microseconds Protocol: 1
Raw data: 8115,225,745,703,268,225,750,218,748,704,267,224,749,707,258,709,276,699,274,696,267,227,744,705,274,217,747,708,265,222,751,698,275,707,265,225,748,702,269,223,748,223,747,704,267,703,269,221,758,222,747,221,751,702,269,222,752,217,750,224,748,703,268,700,271,

Decimal: 1272292914 (32Bit) Binary: 01001011110101011010011000110010 Tri-State: not applicable PulseLength: 261 microseconds Protocol: 1
Raw data: 8113,224,748,708,260,223,752,221,747,703,268,227,744,706,264,709,279,705,263,703,272,220,748,704,268,223,746,700,271,223,744,703,280,701,268,226,743,702,271,220,751,220,751,699,270,701,273,219,760,220,751,220,751,699,269,701,268,223,750,221,747,704,271,222,749,

Decimal: 1272292933 (32Bit) Binary: 01001011110101011010011001000101 Tri-State: not applicable PulseLength: 261 microseconds Protocol: 1
Raw data: 8111,223,745,708,269,224,748,223,749,704,265,224,746,708,264,703,274,702,269,701,272,220,749,706,263,223,750,700,273,221,749,700,278,699,271,219,750,705,266,222,748,221,752,703,267,699,272,224,761,178,103,12,695,47,261,90,178,5,68,1528,174,94,90,121,126,

Decimal: 1272292948 (32Bit) Binary: 01001011110101011010011001010100 Tri-State: not applicable PulseLength: 261 microseconds Protocol: 1
Raw data: 8103,235,733,718,258,229,741,229,745,706,266,227,744,705,263,708,272,705,266,703,268,223,746,706,271,222,744,705,275,219,740,708,273,706,265,225,743,708,265,225,749,66,657,158,1330,121,540,139,684,102,536,123,677,49,640,24,978,5,96,69,220,1565,5,9,1071,

Decimal: 1272292967 (32Bit) Binary: 01001011110101011010011001100111 Tri-State: not applicable PulseLength: 261 microseconds Protocol: 1
Raw data: 8114,223,746,706,268,220,747,227,748,704,266,226,745,704,266,704,280,697,266,701,272,224,747,697,275,218,749,698,1239,707,276,39,12,393,252,270,222,758,69,403,223,267,222,750,156,818,700,269,698,1251,221,746,703,269,702,275,217,754,214,757,696,272,697,273,699,

HI BUTTON
Decimal: 1272293736 (32Bit) Binary: 01001011110101011010100101101000 Tri-State: not applicable PulseLength: 266 microseconds Protocol: 1
Raw data: 8254,227,744,705,267,222,749,222,749,707,263,225,747,704,267,704,273,704,268,701,274,221,745,705,268,220,752,692,272,218,748,703,277,699,274,218,748,701,272,220,748,701,280,207,761,215,756,696,290,204,764,687,271,698,276,218,750,702,277,209,758,216,761,212,755,

Decimal: 1272293753 (32Bit) Binary: 01001011110101011010100101111001 Tri-State: not applicable PulseLength: 266 microseconds Protocol: 1
Raw data: 8254,224,746,706,266,223,746,228,746,703,268,225,743,708,265,705,272,704,266,708,266,224,746,702,268,226,744,705,268,223,747,707,270,706,267,222,748,706,267,222,748,705,267,222,747,227,90,2473,69,6,25,6,28,223,116,587,49,76,35,75,182,75,41,5,5,

Decimal: 1272293646 (32Bit) Binary: 01001011110101011010100100001110 Tri-State: not applicable PulseLength: 266 microseconds Protocol: 1
Raw data: 8251,229,742,707,265,226,746,225,747,704,265,225,747,704,265,704,275,704,266,704,266,224,746,704,271,225,743,707,266,225,743,705,274,703,268,225,747,701,270,218,752,703,268,225,748,224,744,706,272,223,1347,5,240,24,1742,87,4295,66,534,16,267,705,266,223,750,

Decimal: 1272293663 (32Bit) Binary: 01001011110101011010100100011111 Tri-State: not applicable PulseLength: 266 microseconds Protocol: 1
Raw data: 8250,228,743,708,266,226,747,223,746,703,268,227,743,705,266,705,275,703,267,702,268,224,749,703,268,224,745,704,267,225,747,701,275,704,268,225,746,704,267,225,744,705,267,223,750,223,745,705,275,224,747,225,746,225,746,703,267,702,270,701,267,701,271,704,268,

Decimal: 1272293676 (32Bit) Binary: 01001011110101011010100100101100 Tri-State: not applicable PulseLength: 266 microseconds Protocol: 1
Raw data: 8249,227,746,707,262,226,747,226,747,703,267,224,747,703,266,706,274,702,266,705,270,221,747,702,269,226,747,702,267,225,747,704,271,705,267,225,748,700,271,222,748,700,272,221,749,225,745,701,279,224,746,223,592,156,537,233,546,123,612,65,687,142,441,154,770,

Decimal: 1272293693 (32Bit) Binary: 01001011110101011010100100111101 Tri-State: not applicable PulseLength: 266 microseconds Protocol: 1
Raw data: 8250,226,746,708,265,225,747,223,747,704,266,225,747,703,265,707,272,705,268,704,268,220,749,700,271,224,748,701,269,224,747,700,278,703,266,226,745,705,269,219,750,703,267,224,748,224,746,705,274,223,748,225,744,706,267,703,267,701,268,706,267,225,743,705,267,

Decimal: 1272293723 (32Bit) Binary: 01001011110101011010100101011011 Tri-State: not applicable PulseLength: 266 microseconds Protocol: 1
Raw data: 8254,221,747,708,267,223,750,226,746,703,266,226,746,703,266,705,271,706,266,703,267,224,747,704,266,224,747,704,269,221,749,705,271,705,267,226,744,705,268,222,749,707,262,223,751,222,747,705,276,222,748,698,274,223,748,700,269,702,270,224,747,698,270,705,267,

Decimal: 1272293736 (32Bit) Binary: 01001011110101011010100101101000 Tri-State: not applicable PulseLength: 266 microseconds Protocol: 1
Raw data: 8253,225,741,712,261,227,746,227,742,706,265,227,747,703,266,703,274,706,265,703,266,228,741,706,267,225,747,705,265,223,747,704,274,702,269,223,748,705,267,222,747,704,266,225,748,223,748,700,276,226,745,704,266,704,1438,9,747,706,267,221,749,223,748,223,749,

Decimal: 1272293753 (32Bit) Binary: 01001011110101011010100101111001 Tri-State: not applicable PulseLength: 266 microseconds Protocol: 1
Raw data: 8253,230,742,705,267,225,749,223,746,704,269,225,745,705,264,708,276,702,266,703,270,225,747,704,266,221,749,704,266,225,748,703,273,705,266,224,748,219,752,701,267,223,748,701,271,220,751,219,275,219,751,701,267,706,267,702,268,701,271,222,749,220,749,702,269,

Decimal: 1272293646 (32Bit) Binary: 01001011110101011010100100001110 Tri-State: not applicable PulseLength: 266 microseconds Protocol: 1
Raw data: 8260,227,743,748,224,225,746,226,744,704,270,221,748,705,267,702,277,700,270,703,266,226,744,708,266,223,747,702,271,221,748,705,271,704,267,223,748,701,271,222,748,702,271,219,749,227,745,705,274,222,749,222,749,222,748,223,748,703,266,701,269,703,269,222,749,

MED BUTTON
Decimal: 1272292211 (32Bit) Binary: 01001011110101011010001101110011 Tri-State: not applicable PulseLength: 261 microseconds Protocol: 1
Raw data: 8106,224,748,703,267,223,745,224,748,702,267,223,748,703,266,705,278,698,271,701,269,225,746,702,270,222,746,702,268,220,752,701,277,698,273,217,751,702,269,219,751,223,748,219,753,701,271,699,279,218,746,705,270,700,272,697,273,216,754,220,749,700,271,703,268,

Decimal: 1272292134 (32Bit) Binary: 01001011110101011010001100100110 Tri-State: not applicable PulseLength: 261 microseconds Protocol: 1
Raw data: 8103,227,744,707,266,223,746,225,746,709,261,226,746,705,266,703,274,704,266,705,266,227,745,705,266,225,743,706,265,226,746,702,274,705,267,224,748,701,271,221,749,220,753,224,744,706,268,701,276,223,749,223,745,702,271,220,753,220,748,704,265,704,271,223,749,

Decimal: 1272292151 (32Bit) Binary: 01001011110101011010001100110111 Tri-State: not applicable PulseLength: 261 microseconds Protocol: 1
Raw data: 8112,222,747,708,264,225,745,224,746,705,269,225,743,705,264,710,277,702,267,706,266,225,141,269,226,223,263,226,746,703,270,221,749,701,272,221,747,705,275,703,267,223,749,704,266,226,745,225,749,223,747,702,267,705,273,227,745,223,750,702,267,703,271,222,749,

Decimal: 1272292160 (32Bit) Binary: 01001011110101011010001101000000 Tri-State: not applicable PulseLength: 261 microseconds Protocol: 1
Raw data: 8105,228,748,224,747,231,742,228,742,705,267,224,747,704,265,705,275,704,266,705,266,226,745,704,266,226,745,704,266,223,746,704,275,703,268,226,748,699,271,223,751,222,747,222,747,704,268,704,275,223,747,702,269,222,752,221,748,222,752,223,747,221,752,224,744,

Decimal: 1272292177 (32Bit) Binary: 01001011110101011010001101010001 Tri-State: not applicable PulseLength: 261 microseconds Protocol: 1
Raw data: 8108,228,739,711,263,223,746,223,747,704,270,223,746,704,266,705,275,700,270,705,266,223,747,703,271,222,746,703,267,225,746,706,271,705,267,222,750,704,267,221,752,223,748,222,748,703,268,700,279,224,745,706,267,220,749,703,271,224,746,223,751,222,747,704,266,

Decimal: 1272292194 (32Bit) Binary: 01001011110101011010001101100010 Tri-State: not applicable PulseLength: 261 microseconds Protocol: 1
Raw data: 8108,228,746,705,264,227,745,224,746,705,266,227,744,706,266,703,275,703,265,703,271,222,747,703,267,225,748,701,271,222,746,703,276,700,269,222,752,701,271,222,746,225,748,222,749,702,266,703,279,221,749,701,269,703,271,220,747,225,747,223,750,703,267,222,748,

Decimal: 1272292100 (32Bit) Binary: 01001011110101011010001100000100 Tri-State: not applicable PulseLength: 261 microseconds Protocol: 1
Raw data: 8104,229,739,710,264,232,740,231,743,704,263,228,743,705,269,702,275,706,262,704,270,225,745,703,270,220,748,704,266,230,744,702,274,701,270,218,751,703,271,221,748,223,750,223,748,703,266,704,272,227,745,225,748,224,747,229,743,222,747,703,272,221,747,225,748,

Decimal: 1272292134 (32Bit) Binary: 01001011110101011010001100100110 Tri-State: not applicable PulseLength: 261 microseconds Protocol: 1
Raw data: 8108,225,744,704,272,222,750,222,745,707,264,224,748,704,265,706,274,705,266,704,272,221,747,704,267,222,748,706,269,216,754,699,277,703,267,226,746,696,276,225,747,219,752,222,748,701,271,701,280,217,751,223,749,703,268,221,750,462,5,21,51,272,95,5,20,

Decimal: 1272292160 (32Bit) Binary: 01001011110101011010001101000000 Tri-State: not applicable PulseLength: 261 microseconds Protocol: 1
Raw data: 8110,224,746,705,265,227,745,230,742,704,267,224,744,709,263,704,275,701,270,705,266,224,747,702,271,221,747,705,267,221,748,707,271,699,274,220,751,702,267,222,752,221,748,225,748,703,266,700,279,223,749,702,271,222,749,216,752,225,744,229,745,226,747,221,748,

Decimal: 1272292194 (32Bit) Binary: 01001011110101011010001101100010 Tri-State: not applicable PulseLength: 261 microseconds Protocol: 1
Raw data: 8108,228,746,702,268,227,745,222,746,709,266,221,747,707,266,704,273,703,267,706,265,226,747,705,266,222,748,703,270,222,749,703,274,701,268,223,751,700,269,225,431,132,588,45,91,865,83,23,82,543,385,12,300,6,54,5,366,366,50,738,28,4245,6,10,1588,

LO BUTTON
Decimal: 1272291845 (32Bit) Binary: 01001011110101011010001000000101 Tri-State: not applicable PulseLength: 266 microseconds Protocol: 1
Raw data: 8257,225,743,712,263,225,746,226,747,707,265,225,748,705,264,707,273,705,265,703,269,224,747,704,266,227,745,703,270,224,745,704,276,703,267,222,749,703,267,222,749,223,747,225,745,706,268,221,755,225,746,226,746,221,751,223,750,222,746,702,271,222,747,704,267,

Decimal: 1272291954 (32Bit) Binary: 01001011110101011010001001110010 Tri-State: not applicable PulseLength: 266 microseconds Protocol: 1
Raw data: 8258,226,747,707,262,225,748,226,746,704,266,225,746,706,266,708,274,707,267,698,272,223,748,705,268,224,748,703,269,224,750,703,272,705,268,222,750,701,270,224,746,223,748,225,748,700,270,225,756,221,748,700,271,704,267,709,264,220,752,224,747,701,268,226,747,

Decimal: 1272291845 (32Bit) Binary: 01001011110101011010001000000101 Tri-State: not applicable PulseLength: 266 microseconds Protocol: 1
Raw data: 8256,231,742,711,261,226,744,226,745,712,262,225,747,704,266,705,270,706,267,703,267,223,748,709,264,223,748,705,268,223,748,700,277,705,266,226,744,705,270,223,748,219,752,222,749,706,264,224,755,223,748,227,747,224,746,223,748,227,745,703,268,226,745,706,267,

Decimal: 1272291860 (32Bit) Binary: 01001011110101011010001000010100 Tri-State: not applicable PulseLength: 266 microseconds Protocol: 1
Raw data: 8256,228,743,705,269,230,744,223,746,709,263,227,746,707,265,703,275,706,267,702,270,220,751,706,266,223,747,703,271,221,749,705,270,707,267,225,749,701,270,222,748,224,750,222,749,701,268,225,753,225,747,225,749,221,748,702,271,221,749,705,266,225,747,225,744,

Decimal: 1272291879 (32Bit) Binary: 01001011110101011010001000100111 Tri-State: not applicable PulseLength: 266 microseconds Protocol: 1
Raw data: 8260,226,745,704,269,225,748,221,748,704,271,224,745,705,267,702,270,704,267,701,271,224,747,704,267,224,749,703,267,222,750,701,276,703,268,224,748,701,271,225,746,222,748,224,747,704,268,224,753,222,753,220,749,702,270,222,749,224,748,701,269,702,269,699,270,

Decimal: 1272291905 (32Bit) Binary: 01001011110101011010001001000001 Tri-State: not applicable PulseLength: 266 microseconds Protocol: 1
Raw data: 8255,230,741,705,268,224,745,227,744,707,266,224,748,704,267,703,273,705,266,707,268,223,748,703,267,223,748,703,266,227,745,706,271,703,270,224,747,704,268,222,751,224,748,223,744,708,267,222,757,223,747,702,270,224,748,223,748,222,749,224,748,224,748,703,266,

Decimal: 1272291920 (32Bit) Binary: 01001011110101011010001001010000 Tri-State: not applicable PulseLength: 266 microseconds Protocol: 1
Raw data: 8259,223,746,708,263,227,748,224,745,708,265,227,745,705,268,705,273,705,265,704,271,222,748,705,266,226,744,704,268,222,749,703,276,703,267,225,744,702,268,221,749,226,747,224,746,704,268,222,756,222,749,705,268,221,750,699,269,226,745,225,748,222,749,224,746,

Decimal: 1272291939 (32Bit) Binary: 01001011110101011010001001100011 Tri-State: not applicable PulseLength: 266 microseconds Protocol: 1
Raw data: 8257,228,743,708,267,226,746,227,745,705,269,224,748,704,266,705,276,156,47,499,267,704,271,218,749,708,268,704,267,224,748,703,276,702,268,224,748,701,267,223,749,224,749,223,749,704,266,224,759,223,748,701,270,703,269,223,747,224,749,225,747,704,267,701,268,

Decimal: 1272291954 (32Bit) Binary: 01001011110101011010001001110010 Tri-State: not applicable PulseLength: 266 microseconds Protocol: 1
Raw data: 8259,226,747,705,269,227,747,225,747,707,265,226,747,705,267,705,276,705,267,701,269,223,749,702,271,221,747,707,267,221,749,704,272,705,268,225,745,705,268,224,750,222,749,220,748,707,267,224,753,224,749,702,266,704,269,702,270,223,749,220,748,701,272,225,745,

Decimal: 1272291845 (32Bit) Binary: 01001011110101011010001000000101 Tri-State: not applicable PulseLength: 266 microseconds Protocol: 1
Raw data: 8260,226,746,704,267,225,747,225,747,703,270,226,745,705,266,708,275,708,264,705,266,224,750,704,266,225,748,703,269,222,749,701,278,703,267,224,748,706,268,226,747,220,749,225,749,704,267,220,759,221,748,225,749,222,748,225,747,224,746,702,272,222,746,701,273,

LIGHT BUTTON
Decimal: 1272293406 (32Bit) Binary: 01001011110101011010100000011110 Tri-State: not applicable PulseLength: 266 microseconds Protocol: 1
Raw data: 8254,228,747,704,265,223,748,228,745,704,267,222,748,705,267,701,276,705,266,705,266,227,743,703,271,221,749,705,268,221,749,705,274,699,270,223,747,705,267,226,748,701,271,222,749,222,750,222,756,223,748,220,752,225,747,702,266,704,267,706,267,701,272,220,747,

Decimal: 1272293421 (32Bit) Binary: 01001011110101011010100000101101 Tri-State: not applicable PulseLength: 266 microseconds Protocol: 1
Raw data: 8258,224,747,706,265,224,748,225,746,705,266,223,748,705,266,707,274,704,268,706,266,223,748,703,268,226,746,703,270,221,748,706,275,702,267,226,745,705,271,222,748,701,272,223,749,222,748,223,757,223,747,223,748,703,270,222,749,701,268,699,272,224,746,702,269,

Decimal: 1272293436 (32Bit) Binary: 01001011110101011010100000111100 Tri-State: not applicable PulseLength: 266 microseconds Protocol: 1
Raw data: 8261,223,747,704,268,223,749,223,745,706,268,225,746,702,269,706,273,705,267,705,267,223,749,702,267,226,748,702,267,221,753,701,276,701,268,226,748,696,276,222,747,703,267,223,748,226,747,222,757,222,750,221,748,705,268,704,266,702,266,705,270,220,752,218,750,

Decimal: 1272293451 (32Bit) Binary: 01001011110101011010100001001011 Tri-State: not applicable PulseLength: 266 microseconds Protocol: 1
Raw data: 8259,227,743,707,266,229,745,224,745,708,265,227,746,703,266,707,275,703,267,703,270,221,748,705,266,226,745,706,267,223,748,703,275,702,269,220,748,704,271,219,749,703,268,222,750,220,751,222,759,223,747,702,269,221,749,223,750,703,267,221,752,701,269,700,269,

Decimal: 1272293466 (32Bit) Binary: 01001011110101011010100001011010 Tri-State: not applicable PulseLength: 266 microseconds Protocol: 1
Raw data: 8256,223,747,707,266,224,747,223,746,704,267,224,747,704,266,704,271,701,268,703,269,222,749,702,270,220,749,704,270,223,747,705,270,704,269,222,749,703,269,223,747,701,272,220,751,221,748,223,758,222,748,700,270,223,748,705,267,703,268,223,749,703,268,223,746,

Decimal: 1272293481 (32Bit) Binary: 01001011110101011010100001101001 Tri-State: not applicable PulseLength: 266 microseconds Protocol: 1
Raw data: 8258,223,748,703,269,225,748,220,747,708,266,224,747,703,266,706,271,705,269,703,268,222,749,703,267,226,744,706,268,223,748,702,276,702,267,227,746,704,266,223,750,702,269,223,749,222,749,220,757,222,749,703,244,1916,45,222,750,703,267,224,752,221,746,705,269,

Decimal: 1272293496 (32Bit) Binary: 01001011110101011010100001111000 Tri-State: not applicable PulseLength: 266 microseconds Protocol: 1
Raw data: 8260,226,745,705,265,224,747,224,746,707,266,223,748,702,268,705,275,702,268,704,270,220,748,702,274,222,748,704,267,224,749,704,272,701,274,222,746,704,270,223,749,703,268,222,750,222,749,223,756,221,746,708,267,700,268,702,269,703,272,219,749,223,750,222,747,

Decimal: 1272293391 (32Bit) Binary: 01001011110101011010100000001111 Tri-State: not applicable PulseLength: 266 microseconds Protocol: 1
Raw data: 8258,224,746,707,266,223,746,230,744,704,266,226,746,704,267,706,273,704,268,704,268,222,750,704,267,223,749,704,267,220,753,700,276,703,267,221,752,704,268,223,749,699,271,218,754,220,752,223,756,224,747,220,752,223,748,222,750,703,267,703,270,701,267,698,271,

Decimal: 1272293406 (32Bit) Binary: 01001011110101011010100000011110 Tri-State: not applicable PulseLength: 266 microseconds Protocol: 1
Raw data: 8260,226,745,704,265,220,748,225,747,704,267,223,748,705,267,702,276,702,267,703,270,221,748,703,270,220,751,704,266,224,749,700,276,702,269,222,750,701,268,224,747,705,268,223,749,223,748,224,752,221,753,223,750,220,748,705,268,701,267,705,267,703,270,219,748,

Decimal: 1272293421 (32Bit) Binary: 01001011110101011010100000101101 Tri-State: not applicable PulseLength: 266 microseconds Protocol: 1
Raw data: 8260,226,744,703,267,224,747,224,748,705,267,224,746,704,269,700,276,702,270,704,268,224,747,704,267,225,747,701,271,224,748,701,275,702,268,223,748,705,268,222,749,704,266,221,752,223,750,219,758,224,748,224,745,702,270,224,746,704,269,701,267,224,748,702,269,

1H BUTTON
Decimal: 1272291637 (32Bit) Binary: 01001011110101011010000100110101 Tri-State: not applicable PulseLength: 261 microseconds Protocol: 1
Raw data: 8120,220,746,705,262,215,749,224,748,701,274,225,744,705,264,705,280,701,272,698,271,217,751,701,293,196,754,702,279,220,751,690,283,699,289,203,746,705,272,220,754,217,755,217,750,222,755,700,280,214,752,218,752,699,268,702,272,221,758,695,271,218,752,698,270,

Decimal: 1272291637 (32Bit) Binary: 01001011110101011010000100110101 Tri-State: not applicable PulseLength: 261 microseconds Protocol: 1
Raw data: 8107,226,744,706,266,224,748,225,745,704,266,226,745,707,267,702,276,702,270,306,12,383,269,221,751,134,5,329,10,6,215,272,220,751,702,268,221,751,65,487,12,136,275,307,5,395,267,221,750,702,270,276,43,295,41,995,42,436,59,3809,101,1353,16,694,66,

Decimal: 1272291650 (32Bit) Binary: 01001011110101011010000101000010 Tri-State: not applicable PulseLength: 261 microseconds Protocol: 1
Raw data: 8110,227,745,707,265,227,746,226,742,709,267,221,747,705,266,704,270,706,266,706,266,225,747,701,271,221,748,703,269,223,746,706,271,705,268,225,744,702,270,223,746,222,751,223,748,219,751,705,275,223,749,703,267,223,748,222,751,220,752,224,744,706,268,220,750,

Decimal: 1272291667 (32Bit) Binary: 01001011110101011010000101010011 Tri-State: not applicable PulseLength: 261 microseconds Protocol: 1
Raw data: 8112,223,746,704,268,226,746,227,746,705,267,224,746,704,265,705,271,706,267,702,267,226,748,702,266,225,748,704,267,222,748,703,276,702,268,226,745,705,267,223,751,222,749,221,750,220,749,703,277,223,750,699,272,223,744,706,268,224,748,223,748,698,271,701,269,

Decimal: 1272291680 (32Bit) Binary: 01001011110101011010000101100000 Tri-State: not applicable PulseLength: 261 microseconds Protocol: 1
Raw data: 8112,225,744,707,264,223,747,227,742,708,266,223,747,706,263,706,273,705,268,700,271,222,747,699,274,221,750,462,5,234,267,223,747,700,279,701,273,218,748,705,268,219,752,218,753,219,753,218,752,699,280,223,746,705,267,702,270,222,751,222,747,218,753,221,750,

Decimal: 1272291697 (32Bit) Binary: 01001011110101011010000101110001 Tri-State: not applicable PulseLength: 261 microseconds Protocol: 1
Raw data: 8109,227,742,710,264,225,746,225,744,708,265,226,746,703,266,708,275,703,267,705,266,226,748,704,266,225,743,706,267,226,745,704,275,702,267,225,745,703,270,222,747,226,748,221,752,222,747,751,219,749,226,747,582,9,112,274,223,750,694,275,81,622,268,697,277,

Decimal: 1272291590 (32Bit) Binary: 01001011110101011010000100000110 Tri-State: not applicable PulseLength: 261 microseconds Protocol: 1
Raw data: 8111,226,747,225,268,225,747,224,746,706,266,224,747,707,265,699,277,702,268,705,266,224,747,703,271,221,748,441,6,257,268,218,753,698,279,703,269,128,15,82,747,698,272,222,313,84,1199,5,73,386,5,5,7,190,121,425,73,2079,185,545,113,3579,63,783,21,

Decimal: 1272291607 (32Bit) Binary: 01001011110101011010000100010111 Tri-State: not applicable PulseLength: 261 microseconds Protocol: 1
Raw data: 8110,225,745,704,267,226,747,220,747,705,269,220,750,703,268,704,272,703,268,697,274,222,748,701,271,217,753,701,271,219,752,704,272,703,267,223,751,700,271,221,749,220,754,222,747,705,39,1231,5,1818,85,696,50,2200,70,2021,23,5,148,102,1367,85,654,33,5,

Decimal: 1272291620 (32Bit) Binary: 01001011110101011010000100100100 Tri-State: not applicable PulseLength: 261 microseconds Protocol: 1
Raw data: 8105,231,741,712,260,229,744,223,743,707,267,224,747,705,265,705,273,705,266,704,267,226,746,702,271,222,748,703,268,222,747,705,275,701,269,225,747,702,268,222,750,224,749,222,748,224,749,306,26,369,276,220,751,221,748,426,7,269,270,222,750,219,751,705,270,

Decimal: 1272291637 (32Bit) Binary: 01001011110101011010000100110101 Tri-State: not applicable PulseLength: 261 microseconds Protocol: 1
Raw data: 8110,227,746,708,263,225,747,226,747,703,266,225,747,705,264,707,271,705,266,704,267,225,748,701,272,220,749,707,268,222,748,702,275,704,268,219,751,703,269,226,747,221,751,220,751,219,752,701,276,220,752,222,749,702,270,702,268,222,751,696,273,217,753,694,278,

2H BUTTON
Decimal: 1272293154 (32Bit) Binary: 01001011110101011010011100100010 Tri-State: not applicable PulseLength: 261 microseconds Protocol: 1
Raw data: 8123,221,750,702,269,218,743,230,735,718,271,215,757,697,278,693,287,692,276,692,290,206,758,690,279,212,758,697,279,218,751,695,292,685,283,208,767,675,256,239,769,197,776,677,291,678,290,676,308,200,771,194,760,688,281,217,762,208,760,208,787,666,280,216,755,

Decimal: 1272293188 (32Bit) Binary: 01001011110101011010011101000100 Tri-State: not applicable PulseLength: 261 microseconds Protocol: 1
Raw data: 8114,224,747,708,265,226,745,226,745,707,264,224,748,702,270,700,272,703,269,703,269,224,746,704,268,224,747,702,269,225,747,702,274,706,266,224,748,706,265,222,749,223,748,704,267,704,267,706,272,224,746,704,267,225,747,225,747,225,748,701,271,221,752,218,751,

Decimal: 1272293205 (32Bit) Binary: 01001011110101011010011101010101 Tri-State: not applicable PulseLength: 261 microseconds Protocol: 1
Raw data: 8116,23,155,277,221,226,746,226,747,703,270,222,745,707,265,705,275,702,266,705,267,224,748,700,272,219,750,705,270,218,750,704,275,703,267,224,748,704,267,224,748,225,745,703,267,703,270,701,276,224,749,702,243,81,287,69,74,38,95,595,982,3320,174,73,57,

Decimal: 1272293222 (32Bit) Binary: 01001011110101011010011101100110 Tri-State: not applicable PulseLength: 261 microseconds Protocol: 1
Raw data: 8113,225,746,707,266,225,746,226,747,703,267,225,747,701,268,706,271,705,267,704,267,226,745,704,267,224,749,700,272,219,748,705,273,705,268,223,746,705,267,224,749,221,752,700,268,705,268,11,58,12,914,102,365,458,854,68,17,2845,14,77,117,143,833,44,71,

Decimal: 1272293120 (32Bit) Binary: 01001011110101011010011100000000 Tri-State: not applicable PulseLength: 261 microseconds Protocol: 1
Raw data: 8110,231,738,709,264,227,746,223,746,705,266,228,746,704,265,707,273,703,266,705,268,226,745,702,268,228,744,704,266,227,747,706,270,706,266,224,746,706,267,223,747,222,748,704,267,707,267,701,276,223,747,227,748,223,747,220,750,224,749,225,748,223,747,223,746,

Decimal: 1272293137 (32Bit) Binary: 01001011110101011010011100010001 Tri-State: not applicable PulseLength: 261 microseconds Protocol: 1
Raw data: 8114,226,221,748,704,228,744,225,746,703,270,223,746,702,268,705,275,702,266,707,266,222,746,706,269,223,746,703,270,224,746,704,274,702,268,226,746,703,268,222,748,226,745,706,267,702,267,699,279,223,749,226,747,221,749,704,267,224,749,221,748,226,746,704,266,

Decimal: 1272293154 (32Bit) Binary: 01001011110101011010011100100010 Tri-State: not applicable PulseLength: 261 microseconds Protocol: 1
Raw data: 8105,227,746,708,265,225,750,223,748,704,264,225,746,708,264,703,274,704,265,706,266,226,745,703,271,222,748,702,270,224,745,705,272,705,266,223,747,706,268,222,748,223,748,706,266,699,271,700,278,222,748,227,745,703,271,222,749,94,3043,6,8,5,742,92,1361,

Decimal: 1272293171 (32Bit) Binary: 01001011110101011010011100110011 Tri-State: not applicable PulseLength: 261 microseconds Protocol: 1
Raw data: 8112,226,743,710,261,226,746,224,746,706,266,225,747,706,264,707,274,700,270,703,269,223,747,702,266,227,745,704,268,224,748,701,275,705,266,222,750,702,270,222,747,222,748,705,267,704,268,700,276,225,748,222,749,700,268,703,271,220,750,222,747,704,268,699,271,

Decimal: 1272293188 (32Bit) Binary: 01001011110101011010011101000100 Tri-State: not applicable PulseLength: 261 microseconds Protocol: 1
Raw data: 8110,227,742,706,270,227,745,226,744,706,267,226,745,704,266,707,274,702,266,703,271,223,748,703,266,228,742,704,268,224,745,706,274,702,266,227,747,705,267,221,748,223,749,704,267,706,266,700,272,223,750,698,271,222,750,223,749,221,751,702,269,221,750,222,748,

Decimal: 1272293205 (32Bit) Binary: 01001011110101011010011101010101 Tri-State: not applicable PulseLength: 261 microseconds Protocol: 1
Raw data: 8117,227,744,710,262,223,746,227,746,705,266,223,747,705,265,702,274,706,266,703,266,223,747,705,268,223,747,704,268,225,746,703,276,699,270,226,746,705,266,219,752,225,746,704,268,701,267,704,276,222,749,702,269,221,749,705,268,221,749,703,269,220,751,701,268,

4H BUTTON
Decimal: 1272292678 (32Bit) Binary: 01001011110101011010010101000110 Tri-State: not applicable PulseLength: 266 microseconds Protocol: 1
Raw data: 8258,222,746,709,259,219,748,224,745,707,272,222,746,703,265,707,281,694,282,691,281,210,756,697,270,225,750,698,271,219,751,702,286,691,278,214,756,695,280,214,753,218,762,684,284,215,750,698,756,698,284,211,761,687,289,210,745,223,753,200,789,663,277,695,284,

Decimal: 1272292708 (32Bit) Binary: 01001011110101011010010101100100 Tri-State: not applicable PulseLength: 266 microseconds Protocol: 1
Raw data: 8251,225,746,710,264,230,742,224,746,706,267,224,747,705,265,705,273,700,273,702,268,223,746,705,267,225,745,703,270,223,747,704,276,704,266,224,748,700,272,221,751,220,748,705,267,223,747,703,277,224,747,703,268,700,273,220,750,224,748,704,265,224,750,224,747,

Decimal: 1272292725 (32Bit) Binary: 01001011110101011010010101110101 Tri-State: not applicable PulseLength: 266 microseconds Protocol: 1
Raw data: 8254,229,745,703,268,223,749,225,744,705,269,223,744,707,264,708,274,703,265,705,268,221,750,703,271,221,747,704,270,223,749,700,275,705,266,221,751,704,270,224,747,221,749,704,270,219,752,701,274,220,751,705,267,702,267,706,266,223,749,700,272,222,749,697,272,

Decimal: 1272292610 (32Bit) Binary: 01001011110101011010010100000010 Tri-State: not applicable PulseLength: 266 microseconds Protocol: 1
Raw data: 8255,226,744,704,266,232,742,224,747,709,261,225,743,710,264,705,273,703,267,705,266,224,747,704,267,224,745,706,265,224,748,703,274,703,270,226,743,702,270,223,750,224,747,701,271,219,748,705,275,223,747,223,752,220,750,223,749,221,749,224,747,706,265,229,741,

Decimal: 1272292640 (32Bit) Binary: 01001011110101011010010100100000 Tri-State: not applicable PulseLength: 266 microseconds Protocol: 1
Raw data: 8253,225,746,709,265,221,749,226,746,705,267,227,743,706,264,707,268,707,266,707,265,225,744,709,263,226,749,704,267,225,745,705,274,702,270,221,748,705,265,224,749,224,745,705,269,225,747,697,279,224,751,224,163,358,48,443,7,185,198,173,6,77,1578,94,2057,

Decimal: 1272292657 (32Bit) Binary: 01001011110101011010010100110001 Tri-State: not applicable PulseLength: 266 microseconds Protocol: 1
Raw data: 8252,226,746,703,268,227,743,224,746,705,270,221,747,707,266,704,274,707,262,705,266,223,747,706,266,226,747,702,269,222,747,705,273,700,272,224,748,704,267,222,747,222,749,704,269,224,746,705,274,5,34,189,148,1089,84,8,89,746,881,182,5,24,56,136,1081,

Decimal: 1272292678 (32Bit) Binary: 01001011110101011010010101000110 Tri-State: not applicable PulseLength: 266 microseconds Protocol: 1
Raw data: 8253,227,745,706,264,225,746,226,747,705,264,227,746,705,265,707,272,708,263,704,265,226,746,706,267,224,746,706,267,222,751,700,277,704,267,227,743,702,269,225,749,221,747,705,266,226,747,705,275,217,753,423,45,13,204,16,272,222,747,223,750,223,749,396,10,

Decimal: 1272292695 (32Bit) Binary: 01001011110101011010010101010111 Tri-State: not applicable PulseLength: 266 microseconds Protocol: 1
Raw data: 270,57,31,34,56,296,225,224,745,706,266,226,225,747,103,9,131,31,268,705,265,227,746,703,270,223,744,701,8,33,16,105,745,752,59,5,635,271,223,749,53,27,23,18,77,71,432,266,703,266,36,19,49,127,21,44,409,267,225,56,58,441,269,224,747,

Decimal: 1272292708 (32Bit) Binary: 01001011110101011010010101100100 Tri-State: not applicable PulseLength: 266 microseconds Protocol: 1
Raw data: 8251,224,745,708,264,227,746,226,746,703,267,226,745,704,266,705,274,703,269,701,268,224,746,708,265,223,747,703,268,226,747,703,274,703,267,219,750,704,271,223,748,219,751,703,267,222,751,235,1070,106,355,94,1383,11,716,97,1363,115,31,7,5,48,5,48,111,

Decimal: 1272292725 (32Bit) Binary: 01001011110101011010010101110101 Tri-State: not applicable PulseLength: 266 microseconds Protocol: 1
Raw data: 8254,224,743,709,265,227,746,227,744,707,266,225,746,708,259,707,273,706,266,706,266,225,747,699,271,224,748,700,271,223,748,705,275,700,271,221,747,701,270,219,751,224,746,705,266,231,742,699,278,226,748,702,266,704,267,702,270,225,744,709,262,223,748,702,271,

8H BUTTON
Decimal: 1272293976 (32Bit) Binary: 01001011110101011010101001011000 Tri-State: not applicable PulseLength: 266 microseconds Protocol: 1
Raw data: 8257,225,744,708,264,226,746,228,744,710,264,224,744,705,267,704,275,704,265,707,266,224,748,703,270,223,746,701,271,221,747,703,277,700,272,223,746,699,271,222,749,703,268,220,748,705,268,221,759,222,748,701,271,217,753,703,268,702,267,222,749,223,750,222,749,

Decimal: 1272293901 (32Bit) Binary: 01001011110101011010101000001101 Tri-State: not applicable PulseLength: 266 microseconds Protocol: 1
Raw data: 8255,226,741,707,266,222,748,223,746,707,265,227,744,705,265,705,274,701,267,703,271,221,749,705,267,220,751,705,266,224,747,702,276,702,270,224,747,699,272,223,747,701,273,217,753,701,268,221,758,224,748,221,752,223,748,223,748,704,267,702,268,224,748,703,266,

Decimal: 1272293916 (32Bit) Binary: 01001011110101011010101000011100 Tri-State: not applicable PulseLength: 266 microseconds Protocol: 1
Raw data: 8258,222,748,705,265,227,746,223,745,705,270,223,747,704,267,704,270,705,266,705,266,227,746,705,266,222,748,706,267,220,750,702,274,707,267,223,748,702,268,222,748,704,270,223,747,703,267,227,753,220,750,220,754,221,748,704,267,705,267,704,267,224,748,222,748,

Decimal: 1272293935 (32Bit) Binary: 01001011110101011010101000101111 Tri-State: not applicable PulseLength: 266 microseconds Protocol: 1
Raw data: 8257,227,745,706,266,223,749,225,744,707,265,223,747,704,267,705,275,702,266,706,266,225,748,699,272,221,748,704,267,223,750,701,276,697,274,222,749,701,271,222,747,704,266,223,751,700,271,223,756,221,749,15,77,289,122,56,107,49,39,328,439,73,157,625,19,

Decimal: 1272293961 (32Bit) Binary: 01001011110101011010101001001001 Tri-State: not applicable PulseLength: 266 microseconds Protocol: 1
Raw data: 8255,228,744,709,259,224,749,224,745,707,265,225,742,284,29,394,275,704,264,707,267,224,747,699,270,224,747,705,267,225,746,703,275,702,271,219,751,701,268,224,747,699,274,224,747,701,268,224,755,223,748,703,268,218,754,224,748,704,267,224,747,223,747,706,264,

Decimal: 1272293976 (32Bit) Binary: 01001011110101011010101001011000 Tri-State: not applicable PulseLength: 266 microseconds Protocol: 1
Raw data: 8252,227,744,705,266,223,747,224,747,703,268,225,744,702,269,707,274,705,266,705,267,223,748,702,270,222,748,704,267,220,753,700,278,703,268,220,749,703,267,226,746,701,271,222,746,707,266,218,760,221,750,703,271,220,749,704,267,702,271,223,746,223,749,222,746,

Decimal: 1272293995 (32Bit) Binary: 01001011110101011010101001101011 Tri-State: not applicable PulseLength: 266 microseconds Protocol: 1
Raw data: 8256,228,744,704,268,223,750,224,746,706,264,226,744,705,265,706,276,702,267,703,268,220,749,708,265,224,747,703,270,219,749,705,275,701,271,217,751,706,267,221,751,704,266,218,754,698,272,221,757,223,748,702,270,699,271,224,748,703,267,223,749,699,270,703,266,

Decimal: 1272293901 (32Bit) Binary: 01001011110101011010101000001101 Tri-State: not applicable PulseLength: 266 microseconds Protocol: 1
Raw data: 8254,230,739,712,262,224,746,225,747,705,266,226,744,708,263,702,275,702,269,703,269,219,749,705,267,224,748,704,267,223,749,701,274,705,270,220,748,705,266,223,749,703,266,225,748,704,265,225,755,224,749,218,751,225,107,5,45,487,22,579,54,221,748,705,267,

Decimal: 1272293916 (32Bit) Binary: 01001011110101011010101000011100 Tri-State: not applicable PulseLength: 266 microseconds Protocol: 1
Raw data: 8254,227,744,707,264,225,748,223,747,704,266,226,747,703,267,703,19,640,274,706,266,701,270,221,751,704,267,224,748,702,267,226,745,706,271,702,269,221,752,702,270,221,748,703,267,226,747,698,273,221,756,225,747,224,746,225,748,703,267,700,269,702,271,225,747,

Decimal: 1272293935 (32Bit) Binary: 01001011110101011010101000101111 Tri-State: not applicable PulseLength: 266 microseconds Protocol: 1
Raw data: 8259,223,746,703,268,225,745,223,745,706,270,223,747,702,267,706,275,703,268,703,267,224,748,701,271,220,748,703,266,224,749,700,277,703,268,224,747,705,265,224,748,699,271,225,748,696,276,220,756,221,750,222,752,702,267,225,747,703,268,701,270,699,273,699,269,



